1296401.37557959 21 15
1388419.0897070705 17 22
1714827.1908048443 17 5
1435781.70421857 18 7
1790898.5989510496 15 6
1510038.1613957924 18 6
1425767.0791019818 17 8
1471303.6651021936 23 12
1624055.4840359753 17 25
1535797.66449659 26 18
1646661.5948146929 23 13
1525433.530965629 17 23
1020209.5069589971 2 31
1683725.8638847058 17 6
1305557.9464204693 7 17
1500876.372151155 13 7
1744663.9979207758 24 17
1984375.0 25 15
1228384.7500000002 19 3
1646661.5948146929 23 13
1882742.4047111545 26 16
1366847.5668971415 7 14
1804466.2737815883 25 13
1790898.5989510496 15 6
1804466.2737815883 25 13
1293239.0089456867 24 11
1790898.5989510496 15 6
1422147.3681964541 12 5
1000000.0000000001 7 20
1791279.2967732768 27 15
